image_width: 1280
image_height: 1080
camera_name: narrow_stereo
camera_matrix:
  rows: 3
  cols: 3
  data: [ 642.81025,    0.     ,  623.59837,
            0.     ,  652.3144 ,  541.4666 ,
            0.     ,    0.     ,    1.     ]
camera_model: plumb_bob
distortion_coefficients:
  rows: 1
  cols: 5
  data: [-0.245044, 0.043108, 0.000055, -0.002456, 0.000000]
rectification_matrix:
  rows: 3
  cols: 3
  data: [ 1.,  0.,  0.,
          0.,  1.,  0.,
          0.,  0.,  1.]
projection_matrix:
  rows: 3
  cols: 4
  data: [ 445.44131,    0.     ,  616.2877 ,    0.     ,
            0.     ,  508.33636,  542.72245,    0.     ,
            0.     ,    0.     ,    1.     ,    0.     ]
