# oST version 5.0 parameters


[image]

width
1280

height
1080

[narrow_stereo]

camera matrix
642.810248 0.000000 623.598370
0.000000 652.314404 541.466596
0.000000 0.000000 1.000000

distortion
-0.245044 0.043108 0.000055 -0.002456 0.000000

rectification
1.000000 0.000000 0.000000
0.000000 1.000000 0.000000
0.000000 0.000000 1.000000

projection
445.441315 0.000000 616.287697 0.000000
0.000000 508.336365 542.722452 0.000000
0.000000 0.000000 1.000000 0.000000
