image_width: 1280
image_height: 960
camera_name: head_camera
camera_matrix:
  rows: 3
  cols: 3
  data: [683.4870966024386, 0, 628.7885963774015, 0, 695.5276117940078, 549.6666958420549, 0, 0, 1]
distortion_model: plumb_bob
distortion_coefficients:
  rows: 1
  cols: 5
  data: [-0.2811678567395874, 0.05774912917231986, -0.001505026884523617, -0.001773664333511961, 0]
rectification_matrix:
  rows: 3
  cols: 3
  data: [1, 0, 0, 0, 1, 0, 0, 0, 1]
projection_matrix:
  rows: 3
  cols: 4
  data: [475.2413330078125, 0, 626.5922907086642, 0, 0, 569.3033447265625, 579.5618709304545, 0, 0, 0, 1, 0]